Price,Date,Close,High,Low,Open,Volume,Previous_Close,Close_Shifted,Open_Shifted,High_Shifted,Low_Shifted,RSI,SMA_50,EMA_20,MACD,MACD_signal,MACD_histogram,Signal
Ticker,,AAPL,AAPL,AAPL,AAPL,AAPL,,,,,,,,,,,,
50,2024-03-14,172.3762664794922,173.68154097803347,171.42969464651588,172.28659461404473,72913500,170.51303100585938,170.51303100585938,172.14711771653415,172.56560166885345,170.14435462584885,32.190109253760966,182.97989288330078,176.22154861281018,-3.922596286737246,-3.337018734168935,-0.5855775525683109,-1
51,2024-03-15,171.9976348876953,171.9976348876953,169.67603359258842,170.55286572568298,121664700,172.3762664794922,172.3762664794922,172.28659461404473,173.68154097803347,171.42969464651588,37.78102772080148,182.73271850585937,175.8553312667799,-3.7395874423637565,-3.4175324758078993,-0.3220549665558572,-1
52,2024-03-18,173.09368896484375,177.06930930187292,172.89441306506424,174.93702524630143,75604200,171.9976348876953,171.9976348876953,170.55286572568298,171.9976348876953,169.67603359258842,37.1114033092554,182.50563598632812,175.487931611629,-3.583792293070701,-3.4507844392604596,-0.13300785381024127,-1
53,2024-03-19,175.44517517089844,175.9732631292534,172.40616838919217,173.71144297319321,55215200,173.09368896484375,173.09368896484375,174.93702524630143,177.06930930187292,172.89441306506424,40.404257952250404,182.34704650878905,175.25990850241135,-3.3334551153270127,-3.4273185744737704,0.09386345914675776,0
54,2024-03-20,178.0258331298828,178.0258331298828,174.45873840154812,175.08647190626633,53423100,175.44517517089844,175.44517517089844,173.71144297319321,175.9732631292534,172.40616838919217,46.83579950978837,182.2500158691406,175.2775529470292,-2.91175096116649,-3.3242050518123145,0.4124540906458245,0
55,2024-03-21,170.7521514892578,176.8500972709565,170.22406352502733,176.41168117904223,106181300,178.0258331298828,178.0258331298828,175.08647190626633,178.0258331298828,174.45873840154812,52.84970940551061,182.1174252319336,175.53929391682476,-2.342309168886203,-3.127825875227092,0.7855167063408892,0
56,2024-03-22,171.65887451171875,172.42610267352754,169.44687710249696,171.14074502028382,71106600,170.7521514892578,170.7521514892578,176.41168117904223,176.8500972709565,170.22406352502733,39.341516554774216,181.84772003173828,175.0833755903898,-2.4497090446266157,-2.9922025091069973,0.5424934644803816,0
57,2024-03-25,170.23403930664062,171.32010587263267,168.83907761478048,169.9550500090239,54288300,171.65887451171875,171.65887451171875,171.14074502028382,172.42610267352754,169.44687710249696,41.353846630381476,181.57525146484375,174.7572326305164,-2.433606152949096,-2.8804832378754175,0.4468770849263213,0
58,2024-03-26,169.09814453125,170.80197088667242,168.96860836017046,169.38709229314748,57388400,170.23403930664062,170.23403930664062,169.9550500090239,171.32010587263267,168.83907761478048,39.155600887921146,181.28622833251953,174.3264523139568,-2.506918591464995,-2.805770308593333,0.298851717128338,0
59,2024-03-27,172.68516540527344,172.97412838637234,169.4967053620682,169.79562681694486,60273300,169.09814453125,169.09814453125,169.38709229314748,170.80197088667242,168.96860836017046,37.44664297946743,180.96791931152345,173.82851823941328,-2.626400927467728,-2.7698964323682125,0.14349550490048468,0
60,2024-03-28,170.8617401123047,171.60903605513778,169.89523614327186,171.13077090878156,65672700,172.68516540527344,172.68516540527344,169.79562681694486,172.97412838637234,169.4967053620682,45.53135459828039,180.76692687988282,173.71962749330473,-2.403937834072366,-2.6967047127090433,0.2927668786366775,0
61,2024-04-01,169.4169921875,170.6325949561908,168.86897205345468,170.5728137058907,46240500,170.8617401123047,170.8617401123047,171.13077090878156,171.60903605513778,169.89523614327186,42.522692458404,180.54837341308593,173.4474477427333,-2.347706512656657,-2.626905072698566,0.2791985600419089,0
62,2024-04-02,168.2312774658203,168.72947481572177,167.62347609078947,168.47041766713258,49329500,169.4169921875,169.4169921875,170.5728137058907,170.6325949561908,168.86897205345468,40.25308471158689,180.18250518798828,173.06359483271106,-2.392146690589982,-2.5799533962768493,0.1878067056868673,0
63,2024-04-03,169.03834533691406,170.0646306043195,167.97221097339488,168.1814453345995,47691700,168.2312774658203,168.2312774658203,168.47041766713258,168.72947481572177,167.62347609078947,38.439728288346,179.73460815429686,172.6033741311024,-2.4942904922319826,-2.562820815467876,0.06853032323589359,0
64,2024-04-04,168.21136474609375,171.30017927084614,168.21136474609375,169.67605100414067,53704400,169.03834533691406,169.03834533691406,168.1814453345995,170.0646306043195,167.97221097339488,40.40756767882986,179.25648010253906,172.26384757927494,-2.481511241781817,-2.5465589007306644,0.06504765894884734,0
65,2024-04-05,168.96859741210938,169.77567460225572,168.3408639514289,168.97855588471026,42055200,168.21136474609375,168.21136474609375,169.67605100414067,171.30017927084614,168.21136474609375,39.03078207361891,178.73613830566407,171.8778968332577,-2.509189639793334,-2.5390850485431984,0.029895408749864405,0
66,2024-04-08,167.84268188476562,168.58997789957206,167.6334475147346,168.42059262733576,37425500,168.96859741210938,168.96859741210938,168.97855588471026,169.77567460225572,168.3408639514289,41.01267866048766,178.24447479248047,171.60082069791025,-2.4418742159915325,-2.5196428820328656,0.07776866604133303,0
67,2024-04-09,169.0582733154297,169.46679875844995,167.74304032326918,168.09176931793073,42451200,167.84268188476562,167.84268188476562,168.42059262733576,168.58997789957206,167.6334475147346,38.983535269462784,177.73686096191406,171.242902715706,-2.4511232084592223,-2.5059389473181373,0.054815738858915,0
68,2024-04-10,167.1750946044922,168.48036917466098,166.50751200767976,168.19142141332685,49709300,169.0582733154297,169.0582733154297,168.09176931793073,169.46679875844995,167.74304032326918,42.30261176575248,177.28838836669922,171.03484277282257,-2.3334662854854002,-2.4714444149515904,0.13797812946619015,0
69,2024-04-11,174.40892028808594,174.8274194382653,167.55373514215378,167.73307888899373,91070300,167.1750946044922,167.1750946044922,168.19142141332685,168.48036917466098,166.50751200767976,38.78295951019751,176.81598419189453,170.66724770917207,-2.364917809549496,-2.4501390938711713,0.0852212843216753,0
70,2024-04-12,175.91348266601562,177.71695459263955,173.58192277868224,173.63173034934167,101593300,174.40892028808594,174.40892028808594,167.73307888899373,174.8274194382653,167.55373514215378,54.45792453988832,176.56169708251954,171.02359747859245,-1.7855513672099335,-2.317221548538924,0.5316701813289906,0
71,2024-04-15,172.06739807128906,175.993195505436,171.87808065130085,174.72777001691693,73531800,175.91348266601562,175.91348266601562,173.63173034934167,177.71695459263955,173.58192277868224,56.92824696480787,176.4099462890625,171.4893008297756,-1.1912615561151938,-2.092029550054178,0.9007679939389841,0
72,2024-04-16,168.7693328857422,173.13353117115574,167.6633342016507,171.1307833718662,73711200,172.06739807128906,172.06739807128906,174.72777001691693,175.993195505436,171.87808065130085,49.53187256285337,176.13231353759767,171.54435770991972,-1.0188844175876568,-1.8774005235608737,0.8585161059732169,0
73,2024-04-17,167.39430236816406,170.0347421275801,167.39430236816406,168.99849837401,50901200,168.7693328857422,168.7693328857422,171.1307833718662,173.13353117115574,167.6633342016507,44.22559626954508,175.80882110595704,171.28006963142664,-1.1353134045673983,-1.7289830997621787,0.5936696951947804,0
74,2024-04-18,166.437744140625,168.0319815519269,165.94952052629202,167.4241802492927,43122900,167.39430236816406,167.39430236816406,168.99849837401,170.0347421275801,167.39430236816406,42.19597982059351,175.4214065551758,170.90999655873497,-1.3232836960014254,-1.6478432190100283,0.3245595230086029,0
75,2024-04-19,164.40512084960938,165.80006730864108,163.48843957599198,165.610765092168,67772100,166.437744140625,166.437744140625,167.4241802492927,168.0319815519269,165.94952052629202,40.793442609956706,174.98261840820314,170.48406775701022,-1.5317803505069776,-1.6246306453094181,0.09285029480244056,0
76,2024-04-22,165.24209594726562,166.65697461863107,164.17596150778874,164.92325754431266,48116400,164.40512084960938,164.40512084960938,165.610765092168,165.80006730864108,163.48843957599198,37.909901533985185,174.50098876953126,169.90512043249586,-1.8398228312346987,-1.6676690824944744,-0.17215374874022427,-1
77,2024-04-23,166.2982635498047,166.44773187185876,164.32540636965405,164.75386398167788,49537800,165.24209594726562,165.24209594726562,164.92325754431266,166.65697461863107,164.17596150778874,39.79699864711751,174.05779205322267,169.46102286247392,-1.9934327689578026,-1.7328218197871401,-0.2606109491706625,-1
78,2024-04-24,168.41064453125,168.68963384433354,165.61077772251915,165.93957460997115,48251800,166.2982635498047,166.2982635498047,164.75386398167788,166.44773187185876,164.32540636965405,42.18490944887968,173.62037445068358,169.15980768983874,-2.0068125664704155,-1.7876199691237953,-0.21919259734662022,-1
79,2024-04-25,169.27749633789062,169.9949017439694,167.54376407257087,168.91879363485126,50558300,168.41064453125,168.41064453125,165.93957460997115,168.68963384433354,165.61077772251915,46.73544344528138,173.2590823364258,169.0884588175922,-1.82591663077136,-1.7952793014533084,-0.03063732931805152,-1
80,2024-04-26,168.68960571289062,170.72224396978115,168.57002802452664,169.26751639469646,44838400,169.27749633789062,169.27749633789062,168.91879363485126,169.9949017439694,167.54376407257087,48.52591362950521,172.95717498779297,169.10646239095396,-1.594230307619597,-1.7550695026865664,0.16083919506696942,0
81,2024-04-29,172.8744659423828,175.39534310552878,172.47591417733986,172.74492977704497,68169400,168.68960571289062,168.68960571289062,169.26751639469646,170.72224396978115,168.57002802452664,47.36311269182301,172.66124572753907,169.06676175494792,-1.4414390751489066,-1.6923434171790346,0.250904342030128,0
82,2024-04-30,169.7158966064453,174.35909916149876,169.38708455902474,172.70508045160457,65934800,172.8744659423828,172.8744659423828,172.74492977704497,175.39534310552878,172.47591417733986,55.531768809447584,172.45479248046874,169.42940024898934,-0.9714691843915944,-1.5481685706215467,0.5766993862299523,0
83,2024-05-01,168.68960571289062,172.0873148851987,168.5002883097745,168.96859497944865,50383100,169.7158966064453,169.7158966064453,172.70508045160457,174.35909916149876,169.38708455902474,49.31158120247331,172.21605621337892,169.45668561636612,-0.8441539271563272,-1.4073656419285028,0.5632117147721756,0
84,2024-05-02,172.4061737060547,172.7947670308616,170.27388965643632,171.8880442050533,94214900,168.68960571289062,168.68960571289062,168.96859497944865,172.0873148851987,168.5002883097745,47.45172764546295,171.97174041748048,169.38363038746368,-0.8166548775016338,-1.289223489043129,0.4725686115414951,0
85,2024-05-03,182.71885681152344,186.32580059963428,182.00145144318,185.97705638865938,163224100,172.4061737060547,172.4061737060547,171.8880442050533,172.7947670308616,170.27388965643632,54.189970817885545,171.78661010742186,169.67149165590092,-0.4893250713089117,-1.1292438054962854,0.6399187341873738,0
86,2024-05-06,181.0548858642578,183.5358989126904,179.76952819965473,181.6925778578994,78569700,182.71885681152344,182.71885681152344,185.97705638865938,186.32580059963428,182.00145144318,66.88063839574704,171.76688171386718,170.91409786119831,0.5953704384955074,-0.784320956697927,1.3796913951934344,0
87,2024-05-07,181.7423858642578,184.23337259597065,180.66629297548113,182.78860333233249,77305800,181.0548858642578,181.0548858642578,181.6925778578994,183.5358989126904,179.76952819965473,63.80903710879035,171.7507403564453,171.87988719482303,1.305679831426545,-0.3663207990730326,1.6720006304995776,1
88,2024-05-08,182.08116149902344,182.40997355379537,180.79580390275353,182.19076551728074,45057100,181.7423858642578,181.7423858642578,182.78860333233249,184.23337259597065,180.66629297548113,64.53379147554726,171.7754507446289,172.81917278238825,1.9021538021682147,0.08737412117521687,1.814779680992998,1
89,2024-05-09,183.9045867919922,183.99425867082294,181.45344901084354,181.90182360877466,48983000,182.08116149902344,182.08116149902344,182.19076551728074,182.40997355379537,180.79580390275353,64.90673122427543,171.77764282226562,173.7012669458773,2.3748245842728295,0.5448642137947395,1.82996037047809,1
90,2024-05-10,182.63743591308594,184.67283136158454,181.7195112814573,184.48325715706596,50759500,183.9045867919922,183.9045867919922,181.90182360877466,183.99425867082294,181.45344901084354,66.92283411498575,171.84041595458984,174.67301169312634,2.8635455955116242,1.0086004901381165,1.8549451053735078,1
91,2024-05-13,185.86013793945312,186.67829703001243,184.2038757983674,185.0220348889267,72044800,182.63743591308594,182.63743591308594,184.48325715706596,184.67283136158454,181.7195112814573,64.16412333158856,171.8911978149414,175.43152828550345,3.1127304134581664,1.4294264748021266,1.6833039386560398,1
92,2024-05-14,187.00755310058594,187.87560260141976,185.87012310151908,187.0873746193062,52393600,185.86013793945312,185.86013793945312,185.0220348889267,186.67829703001243,184.2038757983674,67.79966212327619,172.02815521240234,176.42472920492722,3.5295696157936334,1.849455103000428,1.6801145127932053,1
93,2024-05-15,189.2924041748047,190.2203008031565,186.9476945906926,187.48648604697289,70400000,187.00755310058594,187.00755310058594,187.0873746193062,187.87560260141976,185.87012310151908,69.00531715169285,172.2789321899414,177.43261719498994,3.907461714627857,2.261056425325914,1.646405289301943,1
94,2024-05-16,189.41212463378906,190.66929452090585,189.23253763528552,190.04070957734746,52845200,189.2924041748047,189.2924041748047,187.48648604697289,190.2203008031565,186.9476945906926,71.30903745093151,172.67464721679687,178.56212071687708,4.341268866761794,2.67709891361309,1.6641699531487042,1
95,2024-05-17,189.44204711914062,190.3799308889647,188.7535998742954,189.08285791419516,41282900,189.41212463378906,189.41212463378906,190.04070957734746,190.66929452090585,189.23253763528552,71.42886734304525,173.09268463134765,179.59545442324963,4.641223465683055,3.069923824027083,1.5712996416559717,1
96,2024-05-20,190.6094207763672,191.48744227389747,188.58399727816297,188.90328335886426,44361300,189.44204711914062,189.44204711914062,189.08285791419516,190.3799308889647,188.7535998742954,71.4609502366993,173.51371154785156,180.53322515619163,4.825726173462101,3.421084293914087,1.4046418795480142,1
97,2024-05-21,191.91647338867188,192.295606563888,190.48968851208156,190.65930352654095,42309400,190.6094207763672,190.6094207763672,188.90328335886426,191.48744227389747,188.58399727816297,72.74671590892252,173.92361083984375,181.4928628343036,5.00840937103402,3.738549309338074,1.2698600616959457,1
98,2024-05-22,190.4697265625,192.38541249371693,189.84115686495446,191.83664908760778,34648500,191.91647338867188,191.91647338867188,190.65930352654095,192.295606563888,190.48968851208156,74.15093545163927,174.31939666748048,182.48558764900534,5.198727647366411,4.030584976943742,1.168142670422669,1
99,2024-05-23,186.45880126953125,190.5695104450197,186.20936473753514,190.54955125962866,51005900,190.4697265625,190.4697265625,191.83664908760778,192.38541249371693,189.84115686495446,69.86021482078246,174.67668243408204,183.24598183124294,5.173182645284129,4.25910451061182,0.9140781346723088,1
100,2024-05-24,189.5518035888672,190.15045735054443,187.61617368042806,188.3944296603675,36294600,186.45880126953125,186.45880126953125,190.54955125962866,190.5695104450197,186.20936473753514,59.56891941995166,174.99559783935547,183.55196463488943,4.774255253953953,4.362134659280247,0.41212059467370654,1
101,2024-05-28,189.56178283691406,192.56499305086223,188.6737894364844,191.07834591388357,52280100,189.5518035888672,189.5518035888672,188.3944296603675,190.15045735054443,187.61617368042806,63.976012896150046,175.33910858154297,184.1233778686016,4.654033063953392,4.420514340214876,0.23351872373851634,1
102,2024-05-29,189.86111450195312,191.81670371975596,189.0828736970108,189.18265440509,53068000,189.56178283691406,189.56178283691406,191.07834591388357,192.56499305086223,188.6737894364844,63.989651392588186,175.69039154052734,184.64132119891707,4.507600540988534,4.437931580369607,0.06966896061892669,1
103,2024-05-30,190.85885620117188,191.74684967437963,190.2003553062749,190.33005195445256,49947900,189.86111450195312,189.86111450195312,189.18265440509,191.81670371975596,189.0828736970108,64.424724772766,176.02574005126954,185.13844437063477,4.365383847660354,4.423422033827757,-0.05803818616740308,0
104,2024-05-31,191.81668090820312,192.13596695656702,189.48195877103,191.00850903182757,75158300,190.85885620117188,190.85885620117188,190.33005195445256,191.74684967437963,190.2003553062749,65.90347704476835,176.334013671875,185.6832454973526,4.283804478777824,4.395498522817771,-0.11169404403994676,0
105,2024-06-03,193.59268188476562,194.55052487571635,192.08609069758458,192.46522387732944,50080500,191.81668090820312,191.81668090820312,191.00850903182757,192.13596695656702,189.48195877103,67.30834857413652,176.6098306274414,186.2673822031479,4.247478403105674,4.365894498875352,-0.11841609576967738,0
106,2024-06-04,193.91195678710938,194.87977170290745,192.59492465346364,194.20129645164835,47471400,193.59268188476562,193.59268188476562,192.46522387732944,194.55052487571635,192.08609069758458,69.79358415652366,177.06664123535157,186.9650297918734,4.312288781799367,4.355173355460154,-0.04288457366078724,0
107,2024-06-05,195.42852783203125,196.45620511862302,194.43078171111515,194.95958593724887,54156800,193.91195678710938,193.91195678710938,194.20129645164835,194.87977170290745,192.59492465346364,70.2317020303723,177.5117028808594,187.62664188665778,4.339392474902496,4.352017179348623,-0.012624704446126955,0
108,2024-06-06,194.0416717529297,196.05712328824086,193.73237287474004,195.24895132280378,41181800,195.42852783203125,195.42852783203125,194.95958593724887,196.45620511862302,194.43078171111515,72.28780721727885,178.0155926513672,188.36967864336003,4.432155822371328,4.3680449079531645,0.06411091441816374,1
109,2024-06-07,196.44622802734375,196.4961183769711,193.7024262662087,194.2112712938544,53103900,194.0416717529297,194.0416717529297,195.24895132280378,196.05712328824086,193.73237287474004,67.6838657076096,178.51446319580077,188.90986846331904,4.3436923666721725,4.363174399696966,-0.019482033024793566,0
110,2024-06-10,192.68472290039062,196.85530953542744,191.7169079607164,196.45620195884163,97262100,196.44622802734375,196.44622802734375,194.2112712938544,196.4961183769711,193.7024262662087,71.11844504107826,178.9896844482422,189.62761699322616,4.416699078636924,4.373879335484958,0.04281974315196635,1
111,2024-06-11,206.68310546875,206.6930926736998,193.1935887051364,193.21353266624035,172373300,192.68472290039062,192.68472290039062,196.45620195884163,196.85530953542744,191.7169079607164,60.318615333417334,179.4261441040039,189.9187699367656,4.123502229409212,4.323803914269809,-0.20030168486059718,0
112,2024-06-12,212.58978271484375,219.7037025197263,206.43367547843766,206.902617394007,198134300,206.68310546875,206.68310546875,193.21353266624035,206.6930926736998,193.1935887051364,75.33180371746481,180.17146636962892,191.51537332076413,4.96347821077336,4.451738773570519,0.5117394372028405,1
113,2024-06-13,213.75714111328125,216.2614784743462,211.12309188063193,214.25601418934664,97862700,212.58978271484375,212.58978271484375,206.902617394007,219.7037025197263,206.43367547843766,78.95068366708458,181.0586364746094,193.52245992972408,6.036203125082949,4.768631643873006,1.2675714812099432,1
114,2024-06-14,212.01107788085938,214.68503016669274,210.8237575657328,213.36801320894725,70122700,213.75714111328125,213.75714111328125,214.25601418934664,216.2614784743462,211.12309188063193,79.5880184241926,181.9530123901367,195.44957242339618,6.900991085456326,5.19510353218967,1.7058875532666562,1
115,2024-06-17,216.18165588378906,218.45651588142053,212.2405616472853,212.88909055319678,93728300,212.01107788085938,212.01107788085938,213.36801320894725,214.68503016669274,210.8237575657328,75.886868488699,182.82900665283202,197.0268586574403,7.360600641732788,5.628202954098294,1.732397687634494,1
116,2024-06-18,213.8070068359375,218.13723651623954,212.5199210550432,217.09957203800778,79943300,216.18165588378906,216.18165588378906,212.88909055319678,218.45651588142053,212.2405616472853,78.46314373711937,183.77326782226564,198.85112505994968,7.969507791280137,6.096463921534662,1.8730438697454748,1
117,2024-06-20,209.2073974609375,213.75713252024897,208.3792815854295,213.44781843702847,86172500,213.8070068359375,213.8070068359375,217.09957203800778,218.13723651623954,212.5199210550432,73.63885239835054,184.69255432128907,200.2754947529009,8.166320502449821,6.510435237717695,1.6558852647321265,1
118,2024-06-21,207.02235412597656,211.41243109582913,206.64320571720273,209.91581187096148,246421400,209.2073974609375,209.2073974609375,213.44781843702847,213.75713252024897,208.3792815854295,65.26792068188611,185.49553680419922,201.12615215366628,7.860534608039188,6.780455111781994,1.080079496257194,1
119,2024-06-24,207.67088317871094,212.22060318958276,206.1243736003879,207.25183162238307,80727000,207.02235412597656,207.02235412597656,209.91581187096148,211.41243109582913,206.64320571720273,61.680842268199264,186.2924819946289,201.6876951986482,7.357074571646081,6.895779003754812,0.4612955678912689,1
120,2024-06-25,208.59878540039062,210.90357646615678,208.13981549353107,208.67859169129048,56713900,207.67088317871094,207.67088317871094,207.25183162238307,212.22060318958276,206.1243736003879,62.34237013123789,186.95772125244142,202.25752262532083,6.930519030853674,6.902727009174584,0.02779202167908945,1
121,2024-06-26,212.7693634033203,214.37573529051122,210.16524538059215,211.0233076661301,66213200,208.59878540039062,208.59878540039062,208.67859169129048,210.90357646615678,208.13981549353107,63.31812597981733,187.6114273071289,202.8614524134227,6.591363510528055,6.840454309445279,-0.24909079891722463,0
122,2024-06-27,213.61746215820312,215.25376527623442,211.8714063519454,214.2061287476001,49772700,212.7693634033203,212.7693634033203,211.0233076661301,214.37573529051122,210.16524538059215,67.40605901141852,188.42546661376954,203.80506298388917,6.5832238009849675,6.789008207753217,-0.20578440676824972,0
123,2024-06-28,210.14527893066406,215.58300736088682,209.8260080950157,215.28368048569334,82542700,213.61746215820312,213.61746215820312,214.2061287476001,215.25376527623442,211.8714063519454,68.18257804573778,189.32242919921876,204.73957719096668,6.569478643744048,6.7451022949513835,-0.17562365120733503,0
124,2024-07-01,216.261474609375,217.01975619065925,211.4423589537816,211.61197396968475,60402900,210.14527893066406,210.14527893066406,215.28368048569334,215.58300736088682,209.8260080950157,61.70143795474105,190.17744873046874,205.2544059280807,6.206860515005218,6.6374539389621505,-0.4305934239569327,0
125,2024-07-02,219.77354431152344,219.88329699479613,214.61519864650157,215.66281990345283,58046200,216.261474609375,216.261474609375,211.61197396968475,217.01975619065925,211.4423589537816,67.55236244037751,191.17392333984375,206.3026981834421,6.33992618891034,6.577948388951789,-0.23802220004144914,0
126,2024-07-03,221.0506591796875,221.0506591796875,218.53633465750286,219.50414962607874,37369800,219.77354431152344,219.77354431152344,215.66281990345283,219.88329699479613,214.61519864650157,70.3531903649021,192.28129180908203,207.58563590992603,6.652095155373132,6.592777742236058,0.05931741313707395,1
127,2024-07-05,225.82984924316406,225.93960192344272,221.15041758535088,221.15041758535088,60412400,221.0506591796875,221.0506591796875,219.50414962607874,221.0506591796875,218.53633465750286,71.32257259068251,193.39746307373048,208.86801907847473,6.9227427378926905,6.658770741367386,0.2639719965253047,1
128,2024-07-08,227.30653381347656,227.33646497984205,222.74682662809306,226.57816816685514,59085900,225.82984924316406,225.82984924316406,221.15041758535088,225.93960192344272,221.15041758535088,74.66150025020816,194.58809478759767,210.48343147511181,7.437142840509949,6.8144451611958985,0.6226976793140508,1
129,2024-07-09,228.16458129882812,228.8829597417087,225.85979013808537,227.41627168952732,48076100,227.30653381347656,227.30653381347656,226.57816816685514,227.33646497984205,222.74682662809306,75.60655732141338,195.7660125732422,212.0856316978132,7.873207298704983,7.026197588697716,0.8470097100072671,1
130,2024-07-10,232.45489501953125,232.55467572482934,228.73330612276442,228.78319647541346,62627700,228.16458129882812,228.16458129882812,227.41627168952732,228.8829597417087,225.85979013808537,76.16289555485842,196.94375427246095,213.61696023124318,8.193578314085784,7.2596737337753305,0.9339045803104531,1
131,2024-07-11,227.05709838867188,231.86622690917008,225.26115227596378,230.86848076037649,64710600,232.45489501953125,232.45489501953125,228.78319647541346,232.55467572482934,228.73330612276442,78.77010578147579,198.21906005859375,215.4110492586992,8.693454382897897,7.546429863599845,1.1470245192980526,1
132,2024-07-12,230.0203857421875,232.11565870158282,228.1645773343909,228.40404188598967,53046500,227.05709838867188,227.05709838867188,230.86848076037649,231.86622690917008,225.26115227596378,68.60339822562797,199.30271270751953,216.52019679488706,8.555431008902701,7.748230092660417,0.8072009162422846,1
133,2024-07-15,233.87168884277344,236.69531224247876,232.5646438368613,235.94700263838575,62631300,230.0203857421875,230.0203857421875,228.40404188598967,232.11565870158282,228.1645773343909,70.82930805180993,200.5088024902344,217.80592907558236,8.586182843700811,7.915820642868496,0.6703622008323151,1
134,2024-07-16,234.29074096679688,235.73746973269033,231.8063477557903,234.47032795283747,43234300,233.87168884277344,233.87168884277344,235.94700263838575,236.69531224247876,232.5646438368613,73.4626159778837,201.81244415283203,219.33600143436246,8.81965438219396,8.096587390733589,0.7230669914603709,1
135,2024-07-17,228.3641357421875,230.93832254659503,226.12917896312734,228.9328431112231,57345900,234.29074096679688,234.29074096679688,234.47032795283747,235.73746973269033,231.8063477557903,73.74038784188605,203.05013549804687,220.76026234221337,8.93549345635202,8.264368603857276,0.671124852494744,1
136,2024-07-18,223.6747283935547,229.92062914212065,221.7690447852705,229.76098610155705,66034600,228.3641357421875,228.3641357421875,228.9328431112231,230.93832254659503,226.12917896312734,63.60089953401678,203.96304107666015,221.48444076125853,8.451643955722403,8.301823674230302,0.1498202814921008,1
137,2024-07-19,223.80442810058594,226.28882140195597,222.77675082247163,224.31328836166992,49151500,223.6747283935547,223.6747283935547,229.76098610155705,229.92062914212065,221.7690447852705,56.930494288626306,204.81543792724608,221.69303958338196,7.602160781198876,8.161891095624018,-0.559730314425142,0
138,2024-07-22,223.45523071289062,227.26661302541467,222.58718122432802,226.4983442399413,48201800,223.80442810058594,223.80442810058594,224.31328836166992,226.28882140195597,222.77675082247163,57.06461936965555,205.65667877197265,221.89412420406805,6.860323389968443,7.901577554492904,-1.041254164524461,0
139,2024-07-23,224.5028533935547,226.42851135969482,222.1781030613285,223.86429647317826,39960300,223.45523071289062,223.45523071289062,226.4983442399413,227.26661302541467,222.58718122432802,56.5539734013112,206.48416015625,222.0428010144321,6.1730752332626935,7.555877090246862,-1.3828018569841687,0
140,2024-07-24,218.0474395751953,224.29334029380243,216.64062905712152,223.49514031921132,61777600,224.5028533935547,224.5028533935547,223.86429647317826,226.42851135969482,222.1781030613285,57.77477077933695,207.29612548828126,222.27709171720568,5.64785554959164,7.1742727821158185,-1.526417232524179,0
141,2024-07-25,216.99981689453125,220.35224458682225,214.13627507494223,218.4365585703147,51391200,218.0474395751953,218.0474395751953,223.49514031921132,224.29334029380243,216.64062905712152,48.69487862060354,208.00432556152344,221.87426770368089,4.657033834144414,6.670824992521538,-2.013791158377124,0
142,2024-07-26,217.46875,218.99530033853074,215.52313289555326,218.20707238174316,41601300,216.99981689453125,216.99981689453125,218.4365585703147,220.35224458682225,214.13627507494223,47.393141047243006,208.627119140625,221.4100342932857,3.7441063636511274,6.085481266747457,-2.3413749030963293,0
143,2024-07-29,217.7481231689453,218.80573164190093,215.26372979848315,216.47100932714253,36311800,217.46875,217.46875,218.20707238174316,218.99530033853074,215.52313289555326,48.06242818608701,209.2363430786133,221.03467388440134,3.023589688758989,5.473102951149763,-2.4495132623907745,0
144,2024-07-30,218.30685424804688,219.8334045947242,215.63288672795753,218.6959746261333,41643800,217.7481231689453,217.7481231689453,216.47100932714253,218.80573164190093,215.26372979848315,48.48294140269174,209.8054574584961,220.7216690543579,2.4469116385598397,4.867864688631778,-2.4209530500719385,0
145,2024-07-31,221.5794677734375,223.3155515626994,220.13273889458495,220.94091084366266,50036300,218.30685424804688,218.30685424804688,218.6959746261333,219.8334045947242,215.63288672795753,49.365907158878635,210.38335205078124,220.4916866918521,2.011784458661964,4.296648642637815,-2.2848641839758512,0
146,2024-08-01,217.8678436279297,223.9740450176905,216.53086747941563,223.86429233538576,62501000,221.5794677734375,221.5794677734375,220.94091084366266,223.3155515626994,220.13273889458495,54.305932696345096,211.02610046386718,220.59528489009833,1.9090097190732536,3.819120857924903,-1.9101111388516494,0
147,2024-08-02,219.36447143554688,225.09153987705304,217.2193232804361,218.65606496292435,105568600,217.8678436279297,217.8678436279297,223.86429233538576,223.9740450176905,216.53086747941563,48.523718343860416,211.57126892089843,220.3355285794156,1.510649125519393,3.3574265114438013,-1.8467773859244083,0
148,2024-08-05,208.79833984375,213.0188017705649,195.55824424838744,198.64127617987643,119548600,219.36447143554688,219.36447143554688,218.65606496292435,225.09153987705304,217.2193232804361,50.79860032275927,212.12022888183594,220.2430469466662,1.3007169855874565,2.9460846062725325,-1.645367620685076,0
149,2024-08-06,206.762939453125,209.51672869129231,200.6168344706096,204.83729660703725,69660500,208.79833984375,208.79833984375,198.64127617987643,213.0188017705649,195.55824424838744,38.02291956590298,212.48680114746094,219.15307484162656,0.27853495996367883,2.412574677010762,-2.134039717047083,0
150,2024-08-07,209.34710693359375,213.15848935419993,205.9248296826355,206.43367474426563,63516400,206.762939453125,206.762939453125,204.83729660703725,209.51672869129231,200.6168344706096,36.13749619731619,212.8928839111328,217.97306194748356,-0.6878622133237684,1.7924872989438558,-2.4803495122676242,0
151,2024-08-08,212.8292236328125,213.71721707569145,208.35932525259923,212.6296774525561,47161100,209.34710693359375,209.34710693359375,206.43367474426563,213.15848935419993,205.9248296826355,40.19235392878719,213.28878997802735,217.15154242235118,-1.2310276957956319,1.1877842999959582,-2.4188119957915903,0
152,2024-08-09,215.7526397705078,216.29141600978787,211.4922593126285,211.62197118803232,42201600,212.8292236328125,212.8292236328125,212.6296774525561,213.71721707569145,208.35932525259923,45.23799516378627,213.75413879394532,216.7398930138237,-1.364780200976412,0.6772713998014842,-2.042051600777896,0
153,2024-08-12,217.2909393310547,219.26875909808805,215.36306766380915,215.83255236617862,38028100,215.7526397705078,215.7526397705078,211.62197118803232,216.29141600978787,211.4922593126285,49.11902585017554,214.2719692993164,216.64586889541266,-1.220812013698179,0.29765471710155156,-1.5184667307997306,0
154,2024-08-13,221.02682495117188,221.646138683676,218.76929897291208,218.76929897291208,44155300,217.2909393310547,217.2909393310547,215.83255236617862,219.26875909808805,215.36306766380915,51.08355111469203,214.80061096191406,216.7073041749976,-0.9713906824970024,0.04384563718184076,-1.0152363196788432,0
155,2024-08-14,221.47633361816406,222.7848915052682,219.45854930599305,220.3276035510778,41960600,221.02682495117188,221.02682495117188,218.76929897291208,221.646138683676,218.76929897291208,55.57012318530847,215.38481384277344,217.11868710606183,-0.4668857646234983,-0.05830064317922706,-0.4085851214442712,0
156,2024-08-15,224.47303771972656,225.10235023777113,222.5151850202656,224.35317447515422,46414000,221.47633361816406,221.47633361816406,220.3276035510778,222.7848915052682,219.45854930599305,56.09195791649531,215.9424868774414,217.5337010595954,-0.030439502089336656,-0.052728414961248984,0.022288912871912328,1
157,2024-08-16,225.80157470703125,226.5807162697698,223.40420315535758,223.67391069385005,44340200,224.47303771972656,224.47303771972656,224.35317447515422,225.10235023777113,222.5151850202656,59.50650865511173,216.55370849609375,218.19459026532218,0.550905782950565,0.06799842462111383,0.4829073583294512,1
158,2024-08-19,225.64175415039062,225.74165035068273,222.79488010428776,225.4719428035102,40687800,225.80157470703125,225.80157470703125,223.67391069385005,226.5807162697698,223.40420315535758,60.956137250186465,217.16116943359376,218.91906497405637,1.1060777655679317,0.2756142928104774,0.8304634727574542,1
159,2024-08-20,226.2610626220703,226.92034094772856,225.20222998863,225.52188562847152,30299000,225.64175415039062,225.64175415039062,225.4719428035102,225.74165035068273,222.79488010428776,60.67473789024711,217.79317108154297,219.5593210860882,1.515687476598032,0.5236289295679883,0.9920585470300436,1
160,2024-08-21,226.15118408203125,227.7294495174454,224.80267685471037,226.2710625686077,34765500,226.2610626220703,226.2610626220703,225.52188562847152,226.92034094772856,225.20222998863,61.418012551629594,218.3894677734375,220.19758218475317,1.868737498916886,0.7926506434377678,1.076086855479118,1
161,2024-08-22,224.2832489013672,228.08905941841815,223.65393636981634,227.53966079897057,43695300,226.15118408203125,226.15118408203125,226.2710625686077,227.7294495174454,224.80267685471037,61.19700941169027,219.05879699707032,220.76459188925585,2.1152822482642364,1.0571769644030615,1.0581052838611749,1
162,2024-08-23,226.5906982421875,227.96918649391685,224.0834622297127,225.41200238324527,38677300,224.2832489013672,224.2832489013672,227.53966079897057,228.08905941841815,223.65393636981634,57.414680909143485,219.41079986572265,221.09970208088552,2.1353292340730263,1.2728074183370546,0.8625218157359718,1
163,2024-08-26,226.93032836914062,227.03022456881217,223.64395069142014,226.5107917661563,30602200,226.5906982421875,226.5906982421875,225.41200238324527,227.96918649391685,224.0834622297127,60.65008067017974,219.69081817626954,221.62265409624763,2.3107713585860665,1.480400206386857,0.8303711521992094,1
164,2024-08-27,227.77938842773438,228.5984945445466,224.64283997153836,225.75162066501636,35934600,226.93032836914062,226.93032836914062,226.5107917661563,227.03022456881217,223.64395069142014,61.118324145510144,219.95428192138672,222.1281468841422,2.448985439387883,1.6741172529870623,0.7748681864008207,1
165,2024-08-28,226.2410888671875,229.6073802985885,225.4319662685897,227.6695099550691,38052200,227.77938842773438,227.77938842773438,225.75162066501636,228.5984945445466,224.64283997153836,62.32528921762667,220.26964813232422,222.66636036448432,2.597095445380944,1.8587128914658386,0.7383825539151054,1
166,2024-08-29,229.53746032714844,232.66402541964027,228.62847197635801,229.8471324488683,51906300,226.2410888671875,226.2410888671875,227.6695099550691,229.6073802985885,225.4319662685897,58.76600180129612,220.47083679199218,223.00681069807507,2.560826163817552,1.9991355459361815,0.5616906178813705,1
167,2024-08-30,228.7483367919922,230.14679214282077,227.23000295250677,229.93703146120657,52990800,229.53746032714844,229.53746032714844,229.8471324488683,232.66402541964027,228.62847197635801,63.56741084127462,220.7854458618164,223.6287773294154,2.76618526294493,2.152545489337931,0.613639773606999,1
168,2024-09-03,222.52517700195312,228.74832587928796,220.92692932694945,228.29882348382426,50190600,228.7483367919922,228.7483367919922,229.93703146120657,230.14679214282077,227.23000295250677,61.71475064500296,221.1762646484375,224.1163544210894,2.8326056396511206,2.288557519400569,0.5440481202505514,1
169,2024-09-04,220.6072998046875,221.53627045160738,217.24099295020864,221.4164072047842,43840200,222.52517700195312,222.52517700195312,228.29882348382426,228.74832587928796,220.92692932694945,49.469912923492075,221.48632110595702,223.964813714505,2.3559295909744833,2.302031933715352,0.053897657259131204,1
170,2024-09-05,222.13560485839844,225.23218875186365,221.2765494057299,221.38642912323468,36615400,220.6072998046875,220.6072998046875,221.4164072047842,221.53627045160738,217.24099295020864,46.4135602572391,221.74504943847657,223.64505048499856,1.8026241970331682,2.2021503863789156,-0.39952618934574735,0
171,2024-09-06,220.57733154296875,224.99247224215048,219.5284824188554,223.7038813850335,48423000,222.13560485839844,222.13560485839844,221.38642912323468,225.23218875186365,221.2765494057299,49.11163958610478,222.0157858276367,223.5012937586557,1.4704961667821976,2.055819542459572,-0.5853233756773744,0
172,2024-09-09,220.66722106933594,221.0268260349447,216.47183996524672,220.57732363843863,67180000,220.57733154296875,220.57733154296875,223.7038813850335,224.99247224215048,219.5284824188554,46.53868463120115,222.17194519042968,223.2228211666855,1.0692174037674533,1.8584991147211483,-0.7892817109536949,0
173,2024-09-10,219.86810302734375,221.23659254048482,216.49181271910507,218.67940838073807,51591000,220.66722106933594,220.66722106933594,220.57732363843863,221.0268260349447,216.47183996524672,46.71211548854492,222.31294036865233,222.97943068122365,0.7498110712721768,1.636761506031354,-0.8869504347591772,0
174,2024-09-11,222.41529846191406,222.84481857216005,217.65053646391294,221.21662032032157,44587100,219.86810302734375,219.86810302734375,218.67940838073807,221.23659254048482,216.49181271910507,45.3050325249257,222.50739685058593,222.6831137618065,0.4272717809671178,1.394863561018507,-0.9675917800513891,0
175,2024-09-12,222.52517700195312,223.30431855196207,219.57842214055833,222.25546946786713,37498200,222.41529846191406,222.41529846191406,221.21662032032157,222.84481857216005,217.65053646391294,50.43057744064335,222.6304733276367,222.65760754276914,0.37289594111018687,1.190470037036843,-0.8175740959266562,0
176,2024-09-13,222.25547790527344,223.7937787761964,221.66612995902517,223.33429284055268,36766600,222.52517700195312,222.52517700195312,222.25546946786713,223.30431855196207,219.57842214055833,50.645437296244836,222.68550598144532,222.64499511031048,0.33480950064293324,1.0193379297580611,-0.6845284291151279,-1
177,2024-09-16,216.082275390625,216.98128020943747,213.6849038037586,216.302019591785,59357400,222.25547790527344,222.25547790527344,223.33429284055268,223.7937787761964,221.66612995902517,50.071736610861414,222.70960235595703,222.60789823364027,0.2796397461184199,0.8713982930301329,-0.591758546911713,-1
178,2024-09-17,216.55174255371094,216.6616222741377,214.26426595466958,215.51289221314667,45519300,216.082275390625,216.082275390625,216.302019591785,216.98128020943747,213.6849038037586,39.14211655135843,222.51465087890625,221.98641034382928,-0.2592204017130939,0.6452745540814876,-0.9044949557945815,-1
179,2024-09-18,220.4474639892578,222.46524827574677,217.30091669603667,217.31091546092293,59894900,216.55174255371094,216.55174255371094,215.51289221314667,216.6616222741377,214.26426595466958,40.21095823853518,222.29955505371095,221.46882293524658,-0.6409998275831867,0.3880196777485527,-1.0290195053317395,-1
180,2024-09-19,228.61846923828125,229.56743739121873,224.38313871157,224.74274368478322,66781300,220.4474639892578,220.4474639892578,217.31091546092293,222.46524827574677,217.30091669603667,48.32188631331348,222.14521270751953,221.3715506546762,-0.6220401199154821,0.1860077182157458,-0.8080478381312279,-1
181,2024-09-20,227.94920349121094,232.83382873595048,227.36983908638868,229.7172625160979,318679900,228.61846923828125,228.61846923828125,224.74274368478322,229.56743739121873,224.38313871157,60.44304396150732,222.06848419189453,222.0617333769243,0.05172121074247116,0.15915041672109087,-0.10742920597861971,-1
182,2024-09-23,226.2211151123047,229.19783588273827,225.56183678133013,227.09015412184934,54146000,227.94920349121094,227.94920349121094,229.7172625160979,232.83382873595048,227.36983908638868,59.21786927291202,222.08632629394532,222.62244481638018,0.5256187610843313,0.23244408559373897,0.2931746754905923,1
183,2024-09-24,227.1201171875,229.09795215651428,225.48192014495527,228.39870925768025,43556100,226.2211151123047,226.2211151123047,227.09015412184934,229.19783588273827,225.56183678133013,56.058191426833815,222.01034088134764,222.96517532075393,0.7530628542190527,0.33656783931880174,0.416495014900251,1
184,2024-09-25,226.1212158203125,227.04020291666632,223.77380760174057,224.6827959331431,42308700,227.1201171875,227.1201171875,228.39870925768025,229.09795215651428,225.48192014495527,57.333617465010455,221.87530944824218,223.36088406996785,0.9943931456738824,0.4681329005898179,0.5262602450840645,1
185,2024-09-26,227.26995849609375,228.24887720276465,225.16227678839184,227.05019905798116,36636700,226.1212158203125,226.1212158203125,224.6827959331431,227.04020291666632,223.77380760174057,55.40917200131734,221.7119189453125,223.6237728080959,1.092453029679973,0.592996926407849,0.4994561032721241,1
186,2024-09-27,227.53965759277344,229.26776733886913,227.05020584581527,228.20893469195548,34026000,227.26995849609375,227.26995849609375,227.05019905798116,228.24887720276465,225.16227678839184,57.18883645665844,221.69003540039063,223.9710285879052,1.2484685593233849,0.7240912529909562,0.5243773063324286,1
187,2024-09-30,232.7439422607422,232.7439422607422,229.39761768078608,229.78718847660608,54541900,227.53965759277344,227.53965759277344,228.20893469195548,229.26776733886913,227.05020584581527,57.61652788019624,221.767333984375,224.31089801694029,1.377989844570294,0.8548709713068239,0.5231188732634702,1
188,2024-10-01,225.96141052246094,229.3976172900359,223.49412373913023,229.2677705196639,63285000,232.7439422607422,232.7439422607422,229.78718847660608,232.7439422607422,229.39761768078608,64.90289487854082,221.9461242675781,225.11404508777855,1.8789196587234187,1.059680708790143,0.8192389499332757,1
189,2024-10-02,226.53077697753906,227.12012493395358,222.77491454853467,225.64175566026316,32880600,225.96141052246094,225.96141052246094,229.2677705196639,229.3976172900359,223.49412373913023,52.286867841068975,221.99624786376953,225.19474655774832,1.7089171846075715,1.1895280039536287,0.5193891806539428,1
190,2024-10-03,225.42198181152344,226.56072831643584,223.0745736591087,224.8925655126969,34044200,226.53077697753906,226.53077697753906,225.64175566026316,227.12012493395358,222.77491454853467,53.11084593495611,222.03680633544923,225.32198755010936,1.6016690695702493,1.271956217076953,0.3297128524932964,1
191,2024-10-04,226.55075073242188,227.74942888869526,223.88368688105714,227.6495326914976,37245100,225.42198181152344,225.42198181152344,224.8925655126969,226.56072831643584,223.0745736591087,51.254520792649274,222.18429718017578,225.33151081310118,1.4109392332113373,1.29975282030383,0.1111864129075073,1
192,2024-10-07,221.4463653564453,225.44196936055414,221.08676038639473,224.25327473060864,39505400,226.55075073242188,226.55075073242188,227.6495326914976,227.74942888869526,223.88368688105714,53.05344537288139,222.37531585693358,225.44762890065553,1.335472190059221,1.3068966942549083,0.028575495804312734,1
193,2024-10-08,225.52188110351562,225.73164177618557,223.0046463373399,224.05349542674807,31855700,221.4463653564453,221.4463653564453,224.25327473060864,225.44196936055414,221.08676038639473,44.971134490692165,222.4548681640625,225.0665561821593,0.8539390956022146,1.2163051745243698,-0.3623660789221552,0
194,2024-10-09,229.28773498535156,229.49751090746852,224.58291968465133,224.9824739985636,33591100,225.52188110351562,225.52188110351562,224.05349542674807,225.73164177618557,223.0046463373399,51.344615167867126,222.61034332275392,225.1099204603837,0.7920504447756684,1.1314542285746296,-0.3394037837989612,0
195,2024-10-10,228.7882843017578,229.24778548023318,226.9203442604764,227.5296744960524,28183500,229.28773498535156,229.28773498535156,224.9824739985636,229.49751090746852,224.58291968465133,56.37277710051604,222.8299609375,225.50780755799968,1.034945965958002,1.1121525760513042,-0.07720661009330221,0
196,2024-10-11,227.2999267578125,229.15788323697032,227.09015084025384,229.04800351672907,31759200,228.7882843017578,228.7882843017578,227.5296744960524,229.24778548023318,226.9203442604764,55.55280669178642,222.9741372680664,225.82023391454808,1.1736122489229217,1.1244445106256278,0.04916773829729393,1
197,2024-10-14,231.04580688476562,231.47532700331138,228.34877720356226,228.44865815944695,39882100,227.2999267578125,227.2999267578125,229.04800351672907,229.15788323697032,227.09015084025384,53.075268847778595,223.16277893066408,225.96115704247802,1.150150048322331,1.1295856181649686,0.020564430157362423,1
198,2024-10-15,233.59300231933594,237.22900130875718,232.11461788171079,233.3532605949055,64751400,231.04580688476562,231.04580688476562,228.44865815944695,231.47532700331138,228.34877720356226,58.13571964932577,223.39640563964844,226.44540940841017,1.4174775075708794,1.1871639960461509,0.23031351152472856,1
199,2024-10-16,231.5252685546875,231.86489123072647,229.5873982094942,231.34547369396782,34082200,233.59300231933594,233.59300231933594,233.3532605949055,237.22900130875718,232.11461788171079,61.19989353430775,223.89229888916014,227.12613254278406,1.8139635857219787,1.3125239139813165,0.5014396717406622,1
200,2024-10-17,231.89486694335938,233.59301088010824,230.26666863657624,233.17345903647427,32993800,231.5252685546875,231.5252685546875,231.34547369396782,231.86489123072647,229.5873982094942,57.519439027335146,224.3875454711914,227.54509787725104,1.9389814539228496,1.4378154219696233,0.5011660319532263,1
201,2024-10-18,234.74172973632812,235.9204255737285,233.75281228137578,235.9204255737285,46431500,231.89486694335938,231.89486694335938,233.17345903647427,233.59301088010824,230.26666863657624,58.00558031221422,224.83850067138673,227.95936159783278,2.044316903559235,1.5591157182875457,0.4852011852716891,1
202,2024-10-21,236.22010803222656,236.5897117727769,234.19234018879644,234.19234018879644,36254500,234.74172973632812,234.74172973632812,235.9204255737285,235.9204255737285,233.75281228137578,61.646402875894324,225.27675079345704,228.60530142054662,2.3306477845816858,1.7134221315463738,0.617225653035312,1
203,2024-10-22,235.60079956054688,235.96040454410334,232.3443876620224,233.6329632952546,38846600,236.22010803222656,236.22010803222656,234.19234018879644,236.5897117727769,234.19234018879644,63.420001480095856,225.6861001586914,229.3305210978495,2.646354318564619,1.9000085689500228,0.746345749614596,1
204,2024-10-23,230.5063934326172,234.88158476901867,227.50969037853835,233.822752128634,52287000,235.60079956054688,235.60079956054688,233.6329632952546,235.96040454410334,232.3443876620224,62.123972884249056,226.05229736328124,229.92769047524925,2.8141413338467203,2.0828351219293624,0.7313062119173579,1
205,2024-10-24,230.31661987304688,230.56634513279107,228.15898997077215,229.7272566761152,31109500,230.5063934326172,230.5063934326172,233.822752128634,234.88158476901867,227.50969037853835,52.601352460935594,226.24188873291016,229.9828050426176,2.5071370383627993,2.16769550521605,0.3394415331467493,1
206,2024-10-25,231.1556854248047,232.96369380669327,229.3177112321018,229.4875225740561,38802300,230.31661987304688,230.31661987304688,229.7272566761152,230.56634513279107,228.15898997077215,52.27986905110042,226.41869445800782,230.0145969312299,2.2228966136349015,2.1787357268998204,0.04416088673508112,1
207,2024-10-28,233.14349365234375,234.472033847566,232.29443692443334,233.06359498314518,36087100,231.1556854248047,231.1556854248047,229.4875225740561,232.96369380669327,229.3177112321018,53.62929852626654,226.55234741210938,230.12327202585607,2.0418029731634135,2.1513491761525394,-0.10954620298912587,0
208,2024-10-29,233.41319274902344,234.07247106119948,232.06468555632105,232.84382710997653,35417200,233.14349365234375,233.14349365234375,233.06359498314518,234.472033847566,232.29443692443334,56.74963627695243,226.69918579101562,230.41091218075965,2.035223677860813,2.128124076494194,-0.09290039863338118,0
209,2024-10-30,229.8471221923828,233.21341362628857,229.29772360355057,232.35435817157438,47070900,233.41319274902344,233.41319274902344,232.84382710997653,234.07247106119948,232.06468555632105,57.17073915566291,226.85461456298827,230.69684366345143,2.0283899849473244,2.1081772581848206,-0.07978727323749624,0
210,2024-10-31,225.66172790527344,229.57741798472995,225.1223128313268,229.08795100904055,64370100,229.8471221923828,229.8471221923828,232.35435817157438,233.21341362628857,229.29772360355057,50.20959978318833,226.92633575439453,230.61591780906394,1.7154475317367144,2.0296313128951997,-0.31418378115848533,0
211,2024-11-01,222.66502380371094,225.10234466312102,220.02792579428782,220.72715344034327,65276700,225.66172790527344,225.66172790527344,229.08795100904055,229.57741798472995,225.1223128313268,43.512968824084034,226.9165466308594,230.14409019917912,1.116837831454859,1.8470726166071316,-0.7302347851522726,0
212,2024-11-04,221.76600646972656,222.54514803369162,219.46854635353304,220.74713841963055,44944500,222.66502380371094,222.66502380371094,220.72715344034327,225.10234466312102,220.02792579428782,39.455380254955564,226.88418212890625,229.43179816151547,0.39606081223237766,1.5568702557321807,-1.160809443499803,0
213,2024-11-05,223.2044219970703,223.70387248945224,220.896963160989,221.5562414690178,28111300,221.76600646972656,221.76600646972656,220.74713841963055,222.54514803369162,219.46854635353304,38.30146590207411,226.78768829345702,228.7017227622975,-0.24488052362707435,1.1965200998603298,-1.4414006234874042,0
214,2024-11-06,222.47523498535156,225.82155947797517,220.94691765378838,222.36535526416637,54561100,223.2044219970703,223.2044219970703,221.5562414690178,223.70387248945224,220.896963160989,41.26146405474994,226.71317016601563,228.17817030846635,-0.6295064794709901,0.8313147839940658,-1.460821263465056,0
215,2024-11-07,227.22999572753906,227.629565273657,224.32320539488208,224.38313701629485,42137700,222.47523498535156,222.47523498535156,222.36535526416637,225.82155947797517,220.94691765378838,40.20835783954251,226.60708709716798,227.63503361102684,-0.9818465030245989,0.46868252659033294,-1.4505290296149318,0
216,2024-11-08,226.9600067138672,228.66000366210938,226.41000366210938,227.1699981689453,38328800,227.22999572753906,227.22999572753906,224.38313701629485,227.629565273657,224.32320539488208,49.295875318923514,226.626865234375,227.5964585745042,-0.8674100918676118,0.20146400289874403,-1.0688740947663558,0
217,2024-11-11,224.22999572753906,225.6999969482422,221.5,225.0,42005600,226.9600067138672,226.9600067138672,227.1699981689453,228.66000366210938,226.41000366210938,48.841933976681034,226.57531616210937,227.53584411158639,-0.789404504822528,0.0032903013544896276,-0.7926948061770176,0
218,2024-11-12,224.22999572753906,225.58999633789062,223.36000061035156,224.5500030517578,40398300,224.22999572753906,224.22999572753906,225.0,225.6999969482422,221.5,44.390665431671216,226.48494934082032,227.22100140834377,-0.9370716078438761,-0.18478208048518355,-0.7522895273586926,0
219,2024-11-13,225.1199951171875,226.64999389648438,222.75999450683594,224.00999450683594,48566200,224.22999572753906,224.22999572753906,224.5500030517578,225.58999633789062,223.36000061035156,44.390665431671216,226.51904571533203,226.9361437244576,-1.042086328355225,-0.35624293005919183,-0.6858433982960332,0
220,2024-11-14,228.22000122070312,228.8699951171875,225.0,225.02000427246094,44923900,225.1199951171875,225.1199951171875,224.00999450683594,226.64999389648438,222.75999450683594,46.24300501859616,226.60929962158204,226.76317719043186,-1.041490088802675,-0.4932923618078885,-0.5481977269947865,0
221,2024-11-15,225.0,226.9199981689453,224.27000427246094,226.39999389648438,47923700,228.22000122070312,228.22000122070312,225.02000427246094,228.8699951171875,225.0,52.213809419951126,226.73098754882812,226.90192233617196,-0.781860182447673,-0.5510059259358454,-0.23085425651182756,0
222,2024-11-18,228.02000427246094,229.74000549316406,225.1699981689453,225.25,44686000,225.0,225.0,226.39999389648438,226.9199981689453,224.27000427246094,46.44347789395042,226.81944091796876,226.72078687558414,-0.8264025448473262,-0.6060852497181416,-0.22031729512918463,-1
223,2024-11-19,228.27999877929688,230.16000366210938,226.66000366210938,226.97999572753906,36211800,228.02000427246094,228.02000427246094,225.25,229.74000549316406,225.1699981689453,51.82130262501355,226.96649658203125,226.84452186576289,-0.610970692572721,-0.6070623382890574,-0.00390835428366354,-1
224,2024-11-20,229.0,229.92999267578125,225.88999938964844,228.05999755859375,35169600,228.27999877929688,228.27999877929688,226.97999572753906,230.16000366210938,226.66000366210938,52.265694574947496,227.13473449707033,226.9812339527661,-0.4144821218114032,-0.5685462949935266,0.1540641731821234,0
225,2024-11-21,228.52000427246094,230.16000366210938,225.7100067138672,228.8800048828125,42108300,229.0,229.0,228.05999755859375,229.92999267578125,225.88999938964844,53.54363354004959,227.26642852783203,227.173497385836,-0.19837864709262476,-0.4945127654133462,0.29613411832072145,0
226,2024-11-22,229.8699951171875,230.72000122070312,228.05999755859375,228.05999755859375,38168300,228.52000427246094,228.52000427246094,228.8800048828125,230.16000366210938,225.7100067138672,52.53389729066194,227.38632507324218,227.30173613694313,-0.06509634006999931,-0.4086294803446769,0.3435331402746776,0
227,2024-11-25,232.8699951171875,233.25,229.74000549316406,231.4600067138672,90152800,229.8699951171875,229.8699951171875,228.05999755859375,230.72000122070312,228.05999755859375,55.09860611474687,227.53861541748046,227.54633223029975,0.1477605358384153,-0.2973514771080584,0.44511201294647373,1
228,2024-11-26,235.05999755859375,235.57000732421875,233.3300018310547,233.3300018310547,45986200,232.8699951171875,232.8699951171875,231.4600067138672,233.25,229.74000549316406,60.239948688980164,227.8743698120117,228.0533477433367,0.5521611020249111,-0.12744896128146455,0.6796100633063756,1
229,2024-11-27,234.92999267578125,235.69000244140625,233.80999755859375,234.47000122070312,33498400,235.05999755859375,235.05999755859375,233.3300018310547,235.57000732421875,233.3300018310547,63.52345907511889,228.24453491210937,228.72064772574214,1.0374077677016658,0.10552238451516151,0.9318853831865043,1
230,2024-11-29,237.3300018310547,237.80999755859375,233.97000122070312,234.80999755859375,28481400,234.92999267578125,234.92999267578125,234.47000122070312,235.69000244140625,233.80999755859375,63.189849484252626,228.53418548583986,229.31201391146016,1.39539370864631,0.3634966493413912,1.0318970593049188,1
231,2024-12-02,239.58999633789062,240.7899932861328,237.16000366210938,237.27000427246094,48137100,237.3300018310547,237.3300018310547,234.80999755859375,237.80999755859375,233.97000122070312,66.66985193113487,228.7084161376953,230.0756318085644,1.8514188233837956,0.6610810841498722,1.1903377392339234,1
232,2024-12-03,242.64999389648438,242.75999450683594,238.89999389648438,239.80999755859375,38861000,239.58999633789062,239.58999633789062,237.27000427246094,240.7899932861328,237.16000366210938,69.58572486666898,228.9412319946289,230.98176176373832,2.367889129511042,1.0024426932221062,1.3654464362889356,1
233,2024-12-04,243.00999450683594,244.11000061035156,241.25,242.8699951171875,44383900,242.64999389648438,242.64999389648438,239.80999755859375,242.75999450683594,238.89999389648438,73.02657548965746,229.2698095703125,232.093021966857,2.9896489850882233,1.3998839515953296,1.5897650334928937,1
234,2024-12-05,243.0399932861328,244.5399932861328,242.1300048828125,243.99000549316406,40033900,243.00999450683594,243.00999450683594,242.8699951171875,244.11000061035156,241.25,73.40773825236812,229.58760711669922,233.13273363733117,3.47143069857313,1.8141933009908897,1.65723739758224,1
235,2024-12-06,242.83999633789062,244.6300048828125,242.0800018310547,242.91000366210938,36870600,243.0399932861328,243.0399932861328,243.99000549316406,244.5399932861328,242.1300048828125,73.44141764859988,229.9259826660156,234.0762821753123,3.81172760522378,2.213700161837468,1.5980274433863118,1
236,2024-12-09,246.75,247.24000549316406,241.75,241.8300018310547,44649200,242.83999633789062,242.83999633789062,242.91000366210938,244.6300048828125,242.0800018310547,72.7796229391406,230.23738342285156,234.91092161936737,4.018949327039309,2.5747499948778363,1.4441993321614723,1
237,2024-12-10,247.77000427246094,248.2100067138672,245.33999633789062,246.88999938964844,36914800,246.75,246.75,241.8300018310547,247.24000549316406,241.75,77.12041398222448,230.62159027099608,236.03845289371333,4.447411659603915,2.949282327823052,1.4981293317808633,1
238,2024-12-11,246.49000549316406,250.8000030517578,246.25999450683594,247.9600067138672,45205800,247.77000427246094,247.77000427246094,246.88999938964844,248.2100067138672,245.33999633789062,78.10148169719996,230.92211151123047,237.1557435012131,4.813786629534803,3.3221831881654027,1.4916034413694006,1
239,2024-12-12,247.9600067138672,248.74000549316406,245.67999267578125,246.88999938964844,32777500,246.49000549316406,246.49000549316406,247.9600067138672,250.8000030517578,246.25999450683594,73.82351136588481,231.33268341064453,238.04472083377988,4.943866414128962,3.6465198333581146,1.2973465807708475,1
240,2024-12-13,248.1300048828125,249.2899932861328,246.24000549316406,247.82000732421875,33155300,247.9600067138672,247.9600067138672,246.88999938964844,248.74000549316406,245.67999267578125,75.48430448644399,231.7612680053711,238.98903377474056,5.106705471925437,3.93855696107158,1.1681485108538574,1
241,2024-12-16,251.0399932861328,251.3800048828125,247.64999389648438,247.99000549316406,51694800,248.1300048828125,248.1300048828125,247.82000732421875,249.2899932861328,246.24000549316406,75.6764992103217,232.21542846679688,239.8596024516998,5.189650964053101,4.188775761667884,1.0008752023852168,1
242,2024-12-17,253.47999572753906,253.8300018310547,249.77999877929688,250.0800018310547,51356400,251.0399932861328,251.0399932861328,247.99000549316406,251.3800048828125,247.64999389648438,78.74786477742032,232.70521331787108,240.92440157878866,5.427631254001426,4.436546860134593,0.9910843938668332,1
243,2024-12-18,248.0500030517578,254.27999877929688,247.74000549316406,252.16000366210938,56774100,253.47999572753906,253.47999572753906,250.0800018310547,253.8300018310547,249.77999877929688,80.92305815072994,233.34588592529298,242.12017245009824,5.746873769896439,4.698612242086963,1.0482615278094762,1
244,2024-12-19,249.7899932861328,252.0,247.08999633789062,247.5,60882300,248.0500030517578,248.0500030517578,252.16000366210938,254.27999877929688,247.74000549316406,64.98303469346106,233.7964483642578,242.68491822168485,5.498339302288656,4.858557654127302,0.6397816481613541,1
245,2024-12-20,254.49000549316406,255.0,245.69000244140625,248.0399932861328,147495300,249.7899932861328,249.7899932861328,247.5,252.0,247.08999633789062,67.21181036269104,234.20649353027343,243.36159203734655,5.379762067990129,4.962798536899868,0.41696353109026063,1
246,2024-12-23,255.27000427246094,255.64999389648438,253.4499969482422,254.77000427246094,40858800,254.49000549316406,254.49000549316406,248.0399932861328,255.0,245.69000244140625,72.3341535580131,234.72052795410156,244.4214409379006,5.600481595320076,5.09033514858391,0.510146446736166,1
247,2024-12-24,258.20001220703125,258.2099914550781,255.2899932861328,255.49000549316406,23234700,255.27000427246094,255.27000427246094,254.77000427246094,255.64999389648438,253.4499969482422,73.08562949999768,235.27992950439454,245.45463744595398,5.771808972684084,5.226629913403945,0.5451790592801391,1
248,2024-12-26,259.0199890136719,260.1000061035156,257.6300048828125,258.19000244140625,27237100,258.20001220703125,258.20001220703125,255.49000549316406,258.2099914550781,255.2899932861328,75.75026424636191,235.82301361083984,246.6684826612947,6.073997049756258,5.396103340674408,0.6778937090818502,1
249,2024-12-27,255.58999633789062,258.70001220703125,253.05999755859375,257.8299865722656,42355300,259.0199890136719,259.0199890136719,258.19000244140625,260.1000061035156,257.6300048828125,76.45286559358837,236.33155334472656,247.84481659961634,6.306946005829644,5.5782718737054555,0.7286741321241887,1
250,2024-12-30,252.1999969482422,253.5,250.75,252.22999572753906,35557500,255.58999633789062,255.58999633789062,257.8299865722656,258.70001220703125,253.05999755859375,67.62626136320515,236.81284790039064,248.5824527651663,6.143964193792584,5.691410337722882,0.4525538560697022,1
